4294967279,53
4294967279,51
4294967279,45
4294967279,39
4294967293,131
4294967293,130
4294967293,129
4294967293,128
4294967293,127
4294967293,126
4294967293,125
4294967293,124
4294967293,123
4294967293,122
4294967293,121
4294967293,120
4294967293,119
4294967293,118
4294967293,117
4294967293,116
4294967293,115
4294967293,114
4294967293,113
4294967293,112
4294967293,111
4294967293,110
4294967293,109
4294967293,108
4294967293,107
4294967293,106
4294967293,105
4294967293,104
4294967293,103
4294967293,102
4294967293,101
4294967293,100
4294967293,99
4294967293,98
4294967293,97
4294967293,96
4294967293,95
4294967293,94
4294967293,93
4294967293,92
4294967293,91
4294967293,90
4294967293,89
4294967293,87
4294967293,86
4294967293,85
4294967293,84
4294967293,83
4294967293,82
4294967293,81
4294967293,80
4294967293,79
4294967293,78
4294967293,77
4294967293,76
4294967293,75
4294967293,74
4294967293,73
4294967293,72
4294967293,71
4294967293,70
4294967293,69
4294967293,68
4294967293,67
4294967293,66
4294967293,65
4294967293,64
4294967293,63
4294967293,62
4294967293,61
4294967293,60
4294967293,59
4294967293,58
4294967293,57
4294967293,56
4294967293,55
4294967293,54
4294967293,53
4294967293,52
4294967293,51
4294967293,50
4294967293,49
4294967293,48
4294967293,47
4294967293,46
4294967293,45
4294967293,44
4294967293,43
4294967293,42
4294967293,41
4294967293,40
4294967293,39
4294967293,38
4294967293,37
4294967293,36
4294967293,35
4294967293,34
4294967293,33
4294967293,32
4294967293,31
4294967293,30
4294967293,29
4294967293,28
4294967293,27
4294967293,26
4294967293,25
4294967293,24
4294967293,23
4294967293,22
4294967293,21
4294967293,20
4294967293,19
4294967293,18
4294967293,17
4294967293,16
4294967293,15
4294967293,14
4294967293,13
4294967293,12
4294967293,11
4294967293,10
4294967293,9
4294967293,8
4294967293,7
4294967293,6
4294967293,5
4294967293,4
4294967293,3
4294967278,130
4294967278,129
4294967278,128
4294967278,125
4294967278,124
4294967278,123
4294967278,119
4294967278,243
4294967278,117
4294967278,241
4294967278,116
4294967278,303
4294967278,114
4294967278,231
4294967278,110
4294967278,229
4294967278,109
4294967278,350
4294967278,343
4294967278,342
4294967278,341
4294967278,174
4294967278,100
4294967278,554
4294967278,95
4294967278,297
4294967278,89
4294967278,552
4294967278,87
4294967278,86
4294967278,85
4294967278,339
4294967278,83
4294967278,349
4294967278,296
4294967278,82
4294967278,80
4294967278,79
4294967278,558
4294967278,78
4294967278,322
4294967278,77
4294967278,520
4294967278,76
4294967278,293
4294967278,75
4294967278,74
4294967278,549
4294967278,73
4294967278,348
4294967278,67
4294967278,310
4294967278,52
4294967278,538
4294967278,540
4294967278,51
4294967278,49
4294967278,48
4294967278,46
4294967278,561
4294967278,45
4294967278,44
4294967278,42
4294967278,346
4294967278,41
4294967278,512
4294967278,39
4294967278,38
4294967278,37
4294967278,36
4294967278,35
4294967278,34
4294967278,318
4294967278,33
4294967278,32
4294967278,31
4294967278,30
4294967278,29
4294967278,28
4294967278,571
4294967278,27
4294967278,26
4294967278,25
4294967278,24
4294967278,23
4294967278,22
4294967278,283
4294967278,21
4294967278,20
4294967278,19
4294967278,18
4294967278,17
4294967278,16
4294967278,15
4294967278,14
4294967278,13
4294967278,12
4294967278,266
4294967278,11
4294967278,0
4294967278,260
4294967279,413
4294967279,411
4294967279,174
4294967279,409
4294967279,404
4294967279,89
4294967279,77
4294967279,75
4294967279,329
4294967279,74
4294967279,358
4294967279,68
4294967279,67
4294967279,62
4294967279,57
4294967279,0
4294967279,346
4294967279,381
4294967279,52
4294967279,49
4294967279,48
4294967279,323
4294967279,47
4294967279,412
4294967279,291
4294967279,46
4294967279,43
4294967279,290
4294967279,42
4294967279,41
4294967279,38
4294967279,36
4294967279,351
4294967279,33
4294967279,32
4294967279,31
4294967279,30
4294967279,27
4294967279,26
4294967279,25
4294967279,22
4294967279,21
4294967279,20
4294967279,383
4294967279,16
4294967279,15
4294967279,88
4294967279,12
4294967279,11
4294967279,10
4294967279,7
4294967279,6
4294967279,260
4294967279,275
4294967279,5
4294967294,1574
4294967294,1573
4294967294,1571
4294967294,1436
4294967294,1443
4294967294,1441
4294967294,1676
4294967294,1677
4294967294,214
4294967294,82
4294967294,2
4294967294,99
4294967294,46
4294967294,104
4294967294,1435
4294967294,106
4294967278,338
4294967279,328
4294967279,408
4294967278,347
4294967279,407
4294967279,406
4294967279,288
4294967279,286
4294967279,321
4294967279,377
4294967279,284
4294967279,134
4294967279,270
4294967279,405
4294967279,348
4294967279,261
4294967279,276
4294967278,345
4294967278,528
4294967278,555
4294967278,304
4294967294,1326
4294967294,152
4294967294,27
4294967294,502
4294967294,107
4294967294,936
4294967294,935
4294967294,933
4294967294,932
4294967294,931
4294967294,929
4294967294,667
4294967294,928
4294967294,927
4294967294,926
4294967294,925
4294967294,924
4294967294,923
4294967294,920
4294967294,918
4294967294,917
4294967294,916
4294967294,914
4294967294,913
4294967294,912
4294967294,910
4294967294,909
4294967294,906
4294967294,902
4294967294,900
4294967294,896
4294967294,894
4294967294,187
4294967294,891
4294967294,28
4294967294,29
4294967294,25
4294967294,663
4294967294,26
4294967294,889
4294967294,888
4294967294,886
4294967294,883
4294967294,1675
4294967294,878
4294967294,877
4294967294,874
4294967294,870
4294967294,930
4294967294,867
4294967294,866
4294967294,1
4294967294,861
4294967294,859
4294967294,857
4294967294,854
4294967294,852
4294967294,851
4294967294,660
4294967294,848
4294967294,847
4294967294,846
4294967294,845
4294967294,844
4294967294,842
4294967294,840
4294967294,833
4294967294,832
4294967294,831
4294967294,830
4294967294,828
4294967294,826
4294967294,976
4294967294,824
4294967294,823
4294967294,821
4294967294,820
4294967294,818
4294967294,815
4294967294,813
4294967294,1445
4294967294,812
4294967294,808
4294967294,807
4294967294,805
4294967294,803
4294967294,802
4294967294,799
1,0
4294967294,795
4294967294,794
4294967294,793
4294967294,791
4294967294,789
4294967294,788
4294967294,786
4294967294,785
4294967294,665
4294967294,1626
4294967294,783
4294967294,657
4294967294,782
4294967294,655
4294967294,776
4294967294,775
4294967294,773
4294967294,771
4294967294,1130
4294967294,653
4294967294,770
4294967294,769
4294967294,766
4294967294,765
4294967294,1663
4294967294,1139
4294967294,760
4294967294,1140
4294967294,759
4294967294,757
4294967294,755
4294967294,752
4294967294,1653
4294967294,1414
4294967294,1570
4294967294,1659
4294967294,749
4294967294,748
4294967294,747
4294967294,745
4294967294,744
4294967294,743
4294967294,742
4294967294,741
4294967294,739
4294967294,737
4294967294,736
4294967294,735
4294967294,734
4294967294,733
4294967294,1673
4294967294,726
4294967294,724
4294967294,722
4294967294,721
4294967294,720
4294967294,718
4294967294,716
4294967294,714
4294967294,711
4294967294,643
4294967294,1568
4294967294,705
4294967294,638
4294967294,637
4294967294,636
4294967294,393
4294967294,633
4294967294,632
4294967294,629
4294967294,627
4294967294,625
4294967294,624
4294967294,125
4294967294,622
4294967294,1566
4294967294,620
4294967294,619
4294967294,612
4294967294,1565
4294967294,608
4294967294,1321
4294967294,607
4294967294,606
4294967294,605
4294967294,604
4294967294,599
4294967294,597
4294967294,596
4294967294,1564
4294967294,432
4294967294,595
4294967294,84
4294967294,594
4294967294,1668
4294967294,1661
4294967294,591
4294967294,659
4294967294,1286
4294967294,589
4294967294,587
4294967294,584
4294967294,583
4294967294,581
4294967294,580
4294967294,1128
4294967294,578
4294967294,576
4294967294,1664
4294967294,569
4294967294,1563
4294967294,567
4294967294,565
4294967294,559
4294967294,558
4294967294,573
4294967294,1562
4294967294,557
4294967294,554
4294967294,553
4294967294,1561
4294967294,1437
4294967294,562
4294967294,1604
4294967294,549
4294967294,561
4294967294,1669
4294967294,652
4294967294,546
4294967294,545
4294967294,213
4294967294,544
4294967294,1619
4294967294,651
4294967294,1134
4294967294,698
4294967294,642
4294967294,644
4294967294,542
4294967294,541
4294967294,540
4294967294,539
4294967294,662
4294967294,538
4294967294,658
4294967294,649
4294967294,641
4294967294,661
4294967294,572
4294967294,537
4294967294,650
4294967294,814
4294967294,574
4294967294,70
4294967294,656
4294967294,72
4294967294,811
4294967294,647
4294967294,71
4294967279,403
4294967279,233
4294967278,335
4294967279,401
4294967279,283
4294967278,547
4294967278,336
4294967279,324
4294967294,1438
4294967294,1328
4294967294,1560
4294967294,1559
4294967294,1558
4294967294,1556
4294967294,1557
4294967294,1667
4294967294,395
4294967294,1555
4294967294,1554
4294967294,1467
4294967294,1553
4294967294,1666
4294967294,1415
4294967294,1665
4294967294,1010
4294967294,536
4294967294,1602
4294967294,1606
4294967294,1600
4294967294,455
4294967294,520
4294967294,1416
4294967294,1607
4294967294,671
4294967294,1471
4294967294,1419
4294967294,1446
4294967294,1670
4294967294,1613
4294967294,469
4294967294,148
4294967294,1608
4294967294,1601
4294967294,1622
4294967294,1603
4294967294,1422
4294967294,146
4294967294,423
4294967294,443
4294967294,392
4294967294,151
4294967294,422
4294967294,1623
4294967294,1620
4294967294,1615
4294967294,1461
4294967294,7
4294967294,6
4294967294,519
4294967294,445
4294967294,535
4294967294,1466
4294967294,1458
4294967294,1618
4294967294,514
4294967294,1459
4294967294,1452
4294967294,1470
4294967294,8
4294967294,9
4294967294,3
4294967294,204
4294967294,203
4294967294,201
4294967294,200
4294967294,370
4294967294,369
4294967294,368
4294967294,367
4294967294,366
4294967294,364
4294967294,365
4294967294,363
4294967294,362
4294967294,361
4294967294,360
4294967294,359
4294967294,358
4294967294,357
4294967294,356
4294967294,0
4294967294,355
4294967294,354
4294967279,289
4294967279,287
4294967279,138
4294967279,320
